535
534
533
532
531
530
529
530
530
529
528
527
526
525
524
523
523
524
525
526
527
528
529
530
530
530
530
530
530
530
529
528
527
526
526
527
527
526
526
527
528
527
526
526
527
528
529
529
529
529
529
529
529
529
529
530
531
532
533
532
531
532
532
533
533
534
534
533
534
533
533
532
532
533
533
534
533
534
534
533
532
531
532
533
534
534
534
535
536
535
535
536
536
536
536
536
535
534
533
534
535
535
534
534
535
536
537
536
535
536
535
534
533
534
534
534
535
535
534
533
534
535
536
537
538
539
540
541
542
541
540
539
539
540
541
542
543
543
543
543
543
544
545
546
545
544
543
543
542
541
540
539
538
537
537
537
537
537
537
537
537
536
535
534
535
534
534
534
533
532
531
531
531
531
530
529
528
527
526
526
527
528
529
529
529
529
529
528
527
526
525
524
523
522
521
520
519
518
517
518
517
516
516
517
518
519
518
517
516
515
514
513
512
511
510
509
508
509
510
511
510
509
509
510
511
512
513
513
512
511
510
509
508
507
508
509
510
511
512
513
514
514
515
516
517
518
519
520
520
521
522
523
524
525
526
527
528
529
529
529
529
529
529
528
527
526
525
524
523
522
521
520
519
518
517
517
518
519
518
519
520
519
519
520
521
520
521
520
521
522
522
521
521
522
523
524
524
524
525
526
527
528
529
530
531
530
530
531
532
533
534
535
535
535
534
533
532
533
534
535
536
536
537
538
538
538
538
538
539
538
537
536
537
538
539
540
541
542
543
544
544
544
543
542
541
541
542
543
543
542
543
543
544
543
543
544
545
544
544
543
542
543
544
545
545
545
545
545
546
546
546
